1.000000000000000000e+00 9.575487221153568880e-15 5.409505685595691898e-17
2.000000000000000000e+00 8.615268347266707767e-15 9.734093322064373915e-17
3.000000000000000000e+00 2.224009661042194439e-14 3.769247233597624976e-16
4.000000000000000000e+00 2.102704824837259838e-14 4.751546711882653105e-16
5.000000000000000000e+00 1.230655951528654133e-14 3.476188841910660557e-16
6.000000000000000000e+00 1.257869722131823032e-14 4.263670300919286299e-16
7.000000000000000000e+00 2.410297369502325068e-14 9.531590316205217232e-16
8.000000000000000000e+00 2.740340253802596539e-14 1.238486217237187267e-15
9.000000000000000000e+00 2.114084432696181247e-14 1.074883851331530275e-15
1.000000000000000000e+01 2.482427367919660423e-14 1.402404352978916149e-15
1.200000000000000000e+01 2.432518560190871952e-14 1.649051083596056207e-15
1.400000000000000000e+01 4.203933218822034745e-14 3.324914980658272590e-15
1.600000000000000000e+01 6.563848521127884908e-14 5.933012087947220789e-15
1.800000000000000000e+01 6.005895683004070382e-14 6.107268170183417135e-15
2.000000000000000000e+01 4.723909507881448216e-14 5.337381743807647438e-15
2.200000000000000000e+01 4.220332749836550846e-14 5.245248586495591178e-15
2.400000000000000000e+01 6.025025358389249584e-14 8.168960976121715973e-15
2.600000000000000000e+01 9.411817017945878332e-14 1.382431190034009022e-14
2.800000000000000000e+01 1.132310580594084580e-13 1.791101911571309857e-14
3.000000000000000000e+01 1.241510608523316107e-13 2.104109756639151111e-14
3.200000000000000000e+01 1.212947138230310624e-13 2.192747139120400710e-14
3.400000000000000000e+01 1.243325382744979943e-13 2.388143490108496017e-14
3.600000000000000000e+01 6.039734077396414364e-14 1.228335543410743871e-14
3.800000000000000000e+01 7.251687832667271270e-14 1.556751875793959511e-14
4.000000000000000000e+01 1.083736715139059342e-13 2.448953160015717964e-14
4.200000000000000000e+01 8.162050496605531603e-14 1.936623815588864870e-14
4.400000000000000000e+01 4.347694114038121525e-14 1.080707980054741476e-14
4.600000000000000000e+01 5.273563678931759996e-14 1.370435899605739338e-14
4.800000000000000000e+01 7.092041374900296692e-14 1.923132461241276918e-14
5.000000000000000000e+01 7.809475345505866140e-14 2.205913929356380681e-14
5.200000000000000000e+01 8.072920478331427123e-14 2.371541444681710335e-14
5.400000000000000000e+01 8.427731929366883734e-14 2.570994653039795531e-14
5.600000000000000000e+01 8.578672572252202849e-14 2.713968606536141559e-14
5.800000000000000000e+01 8.854444674591807073e-14 2.901255807477479460e-14
6.000000000000000000e+01 1.025295393114263257e-13 3.475337262973342541e-14
6.200000000000000000e+01 1.288630058365436732e-13 4.513533263784025507e-14
6.400000000000000000e+01 1.132087883344276554e-13 4.093142049137982217e-14
6.600000000000000000e+01 6.414318626021091852e-14 2.391614431902732874e-14
6.800000000000000000e+01 5.131121029011049037e-14 1.971141818940078506e-14
7.000000000000000000e+01 4.856099458640673484e-14 1.920358506803912787e-14
7.200000000000000000e+01 5.009789399730974737e-14 2.037739511652355886e-14
7.400000000000000000e+01 5.314478107573565020e-14 2.221718557754801917e-14
7.600000000000000000e+01 5.748832954209369755e-14 2.468254754369318560e-14
7.800000000000000000e+01 6.663331644562219753e-14 2.936180381775158319e-14
8.000000000000000000e+01 8.754404812002857120e-14 3.956519517872060581e-14
8.200000000000000000e+01 1.242583543515512036e-13 5.756203650371872096e-14
8.400000000000000000e+01 1.534455701997744121e-13 7.281659082336796043e-14
8.600000000000000000e+01 1.658766141651908433e-13 8.058984377196443578e-14
8.800000000000000000e+01 1.607409122503090661e-13 7.991085942743246789e-14
9.000000000000000000e+01 1.423515548007768496e-13 7.237714118737846563e-14
9.200000000000000000e+01 1.203501530840295682e-13 6.255055607589061215e-14
9.400000000000000000e+01 1.064339622602325534e-13 5.652034241687107479e-14
9.600000000000000000e+01 9.766723110828019826e-14 5.296839446217362342e-14
9.800000000000000000e+01 9.357041727364724607e-14 5.180376712994973318e-14
1.000000000000000000e+02 9.823996227656279436e-14 5.549896545355639821e-14
1.020000000000000000e+02 1.201210434120625590e-13 6.921750938991248319e-14
1.040000000000000000e+02 1.696900435048894127e-13 9.969798959418571924e-14
1.060000000000000000e+02 2.150251512676064985e-13 1.287632197246403129e-13
1.080000000000000000e+02 2.418747263830578079e-13 1.475743731405137324e-13
1.100000000000000000e+02 2.489424722675505258e-13 1.546993126111511267e-13
1.120000000000000000e+02 2.392253191554055957e-13 1.513637455231395835e-13
1.140000000000000000e+02 2.188172147611593968e-13 1.409233756592157163e-13
1.160000000000000000e+02 1.934085421054345071e-13 1.267448556337639989e-13
1.180000000000000000e+02 1.645719997895675977e-13 1.097070796115832067e-13
1.200000000000000000e+02 1.382375942011412960e-13 9.371392195799590808e-14
1.220000000000000000e+02 1.199249444415103544e-13 8.265441513920078001e-14
1.240000000000000000e+02 1.130176542266767455e-13 7.917073460074253160e-14
1.260000000000000000e+02 1.185486736558147451e-13 8.438474552582229207e-14
1.280000000000000000e+02 1.379109449394297858e-13 9.972531215516377123e-14
1.300000000000000000e+02 1.696419373213769300e-13 1.245871572108237488e-13
1.320000000000000000e+02 2.010393748321276603e-13 1.499173016690233223e-13
1.340000000000000000e+02 2.210549667546401487e-13 1.673407750756109066e-13
1.360000000000000000e+02 2.365017568219152766e-13 1.817062978981509009e-13
1.380000000000000000e+02 2.582847371711002298e-13 2.013606155285162924e-13
