5.000000000000000278e-02 0.000000000000000000e+00
1.500000000000000222e-01 0.000000000000000000e+00
2.500000000000000000e-01 0.000000000000000000e+00
3.500000000000000333e-01 0.000000000000000000e+00
4.500000000000000111e-01 0.000000000000000000e+00
5.500000000000000444e-01 0.000000000000000000e+00
6.500000000000001332e-01 0.000000000000000000e+00
7.500000000000000000e-01 0.000000000000000000e+00
8.500000000000000888e-01 0.000000000000000000e+00
9.499999999999999556e-01 0.000000000000000000e+00
1.050000000000000044e+00 1.359785692624045028e+00
1.150000000000000133e+00 2.293420115009379590e+00
1.250000000000000000e+00 3.362456930218096662e+00
1.350000000000000089e+00 4.558620883911387089e+00
1.450000000000000178e+00 5.721488404561035246e+00
1.550000000000000044e+00 6.825021748064610705e+00
1.650000000000000133e+00 7.791248747339790448e+00
1.750000000000000000e+00 8.608034996375447889e+00
1.850000000000000089e+00 9.213900030201983782e+00
1.950000000000000178e+00 9.752760757870930775e+00
2.049999999999999822e+00 1.011238256482900688e+01
2.150000000000000355e+00 1.035020180407817669e+01
2.250000000000000000e+00 1.058110891916068752e+01
2.350000000000000533e+00 1.070437324326281292e+01
2.450000000000000178e+00 1.083723701893891977e+01
2.549999999999999822e+00 1.088067233604624917e+01
2.650000000000000355e+00 1.094727702270890113e+01
2.750000000000000000e+00 1.101345394721537474e+01
2.850000000000000533e+00 1.099459766911440717e+01
2.950000000000000178e+00 1.100285802858872408e+01
3.049999999999999822e+00 1.100532066825915578e+01
3.150000000000000355e+00 1.104206099913349171e+01
3.250000000000000000e+00 1.107021973359691636e+01
3.350000000000000533e+00 1.106810473949134810e+01
3.450000000000000178e+00 1.108649253446333560e+01
3.549999999999999822e+00 1.109040541958017556e+01
3.650000000000000355e+00 1.107782364751483151e+01
3.750000000000000000e+00 1.110735793819300277e+01
3.850000000000000533e+00 1.112417489354248090e+01
3.950000000000000178e+00 1.110748840759343459e+01
4.050000000000000711e+00 1.117314629231432654e+01
4.150000000000000355e+00 1.115132298253325516e+01
4.250000000000000000e+00 1.118763071141393439e+01
4.349999999999999645e+00 1.121617872911448188e+01
4.450000000000000178e+00 1.123854622885863463e+01
4.550000000000000711e+00 1.128330809940314339e+01
4.650000000000000355e+00 1.131794866053735404e+01
4.750000000000000000e+00 1.135476789213112347e+01
4.850000000000000533e+00 1.136717993861462617e+01
4.950000000000000178e+00 1.141720326414534270e+01
5.050000000000000711e+00 1.145583648671672350e+01
5.150000000000000355e+00 1.151334042744186803e+01
5.250000000000000000e+00 1.155119038258888864e+01
5.350000000000000533e+00 1.156611572475221017e+01
5.450000000000000178e+00 1.158425318641383583e+01
5.550000000000000711e+00 1.164072268666596344e+01
5.650000000000000355e+00 1.164613867406309033e+01
5.750000000000000000e+00 1.170665013005748278e+01
5.850000000000000533e+00 1.170128979636793431e+01
5.950000000000000178e+00 1.169376776757553138e+01
6.050000000000000711e+00 1.168485512914248403e+01
6.150000000000000355e+00 1.171080539609524607e+01
6.250000000000000000e+00 1.167501461560966014e+01
6.350000000000000533e+00 1.170135661010725947e+01
6.450000000000000178e+00 1.165192289337402620e+01
6.550000000000000711e+00 1.166252080876019726e+01
6.650000000000000355e+00 1.162705631290411823e+01
6.750000000000000000e+00 1.161675824550627745e+01
6.850000000000000533e+00 1.161811675151601975e+01
6.950000000000000178e+00 1.155219206104651519e+01
7.050000000000000711e+00 1.157591354474541845e+01
7.150000000000000355e+00 1.160366412338939135e+01
7.250000000000000000e+00 1.159049230315025980e+01
7.350000000000000533e+00 1.156533590398869471e+01
7.450000000000000178e+00 1.161208355685131011e+01
7.550000000000000711e+00 1.161153888019490843e+01
7.650000000000000355e+00 1.162701542690356860e+01
7.750000000000000000e+00 1.163623214107935055e+01
7.850000000000000533e+00 1.165441985976676165e+01
7.950000000000000178e+00 1.174150950385515380e+01
8.050000000000000711e+00 1.174196691684617733e+01
8.150000000000000355e+00 1.181159614275031799e+01
8.250000000000000000e+00 1.185965428802234634e+01
8.350000000000001421e+00 1.192491314098324295e+01
8.449999999999999289e+00 1.198701008497633858e+01
8.550000000000000711e+00 1.206811727207490748e+01
8.650000000000000355e+00 1.216964009211351261e+01
8.750000000000000000e+00 1.226397006827349934e+01
8.850000000000001421e+00 1.235708516245503574e+01
8.949999999999999289e+00 1.244509841755691149e+01
9.050000000000000711e+00 1.250215421241506952e+01
9.150000000000000355e+00 1.261512294036294968e+01
9.250000000000000000e+00 1.269861318093958680e+01
9.350000000000001421e+00 1.277456425391251038e+01
9.449999999999999289e+00 1.285904905137704013e+01
9.550000000000000711e+00 1.289628519795975237e+01
9.650000000000002132e+00 1.294081479673745072e+01
9.750000000000000000e+00 1.296330054354642058e+01
9.850000000000001421e+00 1.295369542809312158e+01
9.949999999999999289e+00 1.300605399595133171e+01
1.005000000000000071e+01 1.335894865229211881e+01
1.015000000000000213e+01 1.334711574545472246e+01
1.025000000000000000e+01 1.332119261783403275e+01
1.035000000000000142e+01 1.328458759851118209e+01
1.044999999999999929e+01 1.323880593968980435e+01
1.055000000000000071e+01 1.318968710992701787e+01
1.065000000000000213e+01 1.313682384742633502e+01
1.075000000000000000e+01 1.307875144305869242e+01
1.085000000000000142e+01 1.301915709004732591e+01
1.094999999999999929e+01 1.295950150640320331e+01
1.105000000000000071e+01 1.289898459364885674e+01
1.115000000000000213e+01 1.284499075986822980e+01
1.125000000000000000e+01 1.279212580769851826e+01
1.135000000000000142e+01 1.274212868567258283e+01
1.144999999999999929e+01 1.269548209659503968e+01
1.155000000000000071e+01 1.265562679896940779e+01
1.165000000000000213e+01 1.262375189626816940e+01
1.175000000000000000e+01 1.259252954857368678e+01
1.185000000000000142e+01 1.256812250077263471e+01
1.194999999999999929e+01 1.254508865091450609e+01
1.205000000000000071e+01 1.252839461002755428e+01
1.215000000000000213e+01 1.251562230169865941e+01
1.225000000000000000e+01 1.250537956016915686e+01
1.235000000000000142e+01 1.249939881595385849e+01
1.244999999999999929e+01 1.249837289826063902e+01
1.255000000000000071e+01 1.249880705054586549e+01
1.265000000000000213e+01 1.250038184081582671e+01
1.275000000000000000e+01 1.250486989747720301e+01
1.285000000000000142e+01 1.250572861444591233e+01
1.294999999999999929e+01 1.251316226536708420e+01
1.305000000000000071e+01 1.252172925132374459e+01
1.315000000000000213e+01 1.252807499255025725e+01
1.325000000000000000e+01 1.253833666492093357e+01
1.335000000000000142e+01 1.254920857316075455e+01
1.344999999999999929e+01 1.255849270505174964e+01
1.355000000000000071e+01 1.256921825952802330e+01
1.365000000000000213e+01 1.258130479491724252e+01
1.375000000000000000e+01 1.259154785285416622e+01
1.385000000000000142e+01 1.260407068955024990e+01
1.394999999999999929e+01 1.261464724617823308e+01
1.405000000000000071e+01 1.262743197136451734e+01
1.415000000000000213e+01 1.263714715419122037e+01
1.425000000000000000e+01 1.264902493795806926e+01
1.435000000000000142e+01 1.266303976643968099e+01
1.444999999999999929e+01 1.267288623519003821e+01
1.455000000000000071e+01 1.268694397256330220e+01
1.465000000000000213e+01 1.269682514243432614e+01
1.475000000000000000e+01 1.270879340512602163e+01
1.485000000000000142e+01 1.272285587839350818e+01
1.494999999999999929e+01 1.273377506132632142e+01
1.505000000000000071e+01 1.274677197490340319e+01
1.515000000000000213e+01 1.275765204063235458e+01
1.525000000000000000e+01 1.277061021378364458e+01
1.535000000000000142e+01 1.278040766343032786e+01
1.544999999999999929e+01 1.279331975740178606e+01
1.555000000000000071e+01 1.280620100559897701e+01
1.565000000000000213e+01 1.281590711459724652e+01
1.575000000000000000e+01 1.282767412418855102e+01
1.585000000000000142e+01 1.283940709718492101e+01
1.594999999999999929e+01 1.285215468811971462e+01
1.605000000000000071e+01 1.286380977092436595e+01
1.614999999999999858e+01 1.287438238713971828e+01
1.625000000000000000e+01 1.288596774923011878e+01
1.635000000000000142e+01 1.289856219511570856e+01
1.645000000000000284e+01 1.290903190437414594e+01
1.655000000000000071e+01 1.292051750679134337e+01
1.664999999999999858e+01 1.293198794756396097e+01
1.675000000000000000e+01 1.294344206628221094e+01
1.685000000000000142e+01 1.295594032167529264e+01
1.695000000000000284e+01 1.296739933606571604e+01
1.705000000000000071e+01 1.297782822820296644e+01
1.714999999999999858e+01 1.298933862765342973e+01
1.725000000000000000e+01 1.300193511731480811e+01
1.735000000000000142e+01 1.301354683322321115e+01
1.745000000000000284e+01 1.302418832441443186e+01
1.755000000000000071e+01 1.303596463883010337e+01
1.764999999999999858e+01 1.304784899408133647e+01
1.775000000000000000e+01 1.305985350504539610e+01
1.785000000000000142e+01 1.307198982353686212e+01
1.795000000000000284e+01 1.308426538747599643e+01
1.805000000000000071e+01 1.309668742002321196e+01
1.814999999999999858e+01 1.310927377566723706e+01
1.825000000000000000e+01 1.312202039981221979e+01
1.835000000000000142e+01 1.313596766611929212e+01
1.845000000000000284e+01 1.314798107706925379e+01
1.855000000000000071e+01 1.316118716160133495e+01
1.864999999999999858e+01 1.317453955589799186e+01
1.875000000000000000e+01 1.318801359875763524e+01
1.885000000000000142e+01 1.320264416503616189e+01
1.895000000000000284e+01 1.321528232501847278e+01
1.905000000000000071e+01 1.322903297962805702e+01
1.915000000000000213e+01 1.324284116553604917e+01
1.925000000000000000e+01 1.325668031056297735e+01
1.935000000000000142e+01 1.327261741677157758e+01
1.945000000000000284e+01 1.328434926032894658e+01
1.955000000000000071e+01 1.329814408138963877e+01
1.965000000000000213e+01 1.331187992359599725e+01
1.975000000000000000e+01 1.332554415929440950e+01
1.985000000000000142e+01 1.333911464862735663e+01
1.995000000000000284e+01 1.335258014326428011e+01
2.005000000000000071e+01 1.336673907461775990e+01
2.015000000000000213e+01 1.337844785027524530e+01
2.025000000000000000e+01 1.339106919568489396e+01
2.035000000000000142e+01 1.340357002536767261e+01
2.045000000000000284e+01 1.341593183383002419e+01
2.055000000000000071e+01 1.342816075394969744e+01
2.065000000000000213e+01 1.344026849353721964e+01
2.075000000000000000e+01 1.345226783915210689e+01
2.085000000000000142e+01 1.346415776369116202e+01
2.095000000000000284e+01 1.347594408994145887e+01
2.105000000000000071e+01 1.348765029434921914e+01
2.115000000000000213e+01 1.349928765765583094e+01
2.125000000000000000e+01 1.351085871095190605e+01
2.135000000000000142e+01 1.352238118463806948e+01
2.145000000000000284e+01 1.353386568267594647e+01
2.155000000000000071e+01 1.354533105488814115e+01
2.165000000000000213e+01 1.355677301657157763e+01
2.175000000000000000e+01 1.356821382649598107e+01
2.185000000000000142e+01 1.357965826700894851e+01
2.195000000000000284e+01 1.359111345513305480e+01
2.205000000000000071e+01 1.360258752960453776e+01
2.215000000000000213e+01 1.361409020712387452e+01
2.225000000000000000e+01 1.362560726098227271e+01
2.235000000000000142e+01 1.363717116683532637e+01
2.245000000000000284e+01 1.364876092291452814e+01
2.255000000000000071e+01 1.366039430818277367e+01
2.265000000000000213e+01 1.367206171929923997e+01
2.275000000000000000e+01 1.368377110324949619e+01
2.285000000000000142e+01 1.369551599558651311e+01
2.295000000000000284e+01 1.370729700050962663e+01
2.305000000000000071e+01 1.371911513322806719e+01
2.315000000000000213e+01 1.373097234674665579e+01
2.325000000000000000e+01 1.374285619460196273e+01
2.335000000000000142e+01 1.375477539776443159e+01
2.345000000000000284e+01 1.376672533245638697e+01
2.355000000000000071e+01 1.377870136054581529e+01
2.365000000000000213e+01 1.379070587306930840e+01
2.375000000000000000e+01 1.380272642594597343e+01
2.385000000000000142e+01 1.381477728894877366e+01
2.395000000000000284e+01 1.382684356701422423e+01
2.405000000000000071e+01 1.383892759428355745e+01
2.415000000000000213e+01 1.385102763319191155e+01
2.425000000000000000e+01 1.386314746712119117e+01
2.435000000000000142e+01 1.387527709744717264e+01
2.445000000000000284e+01 1.388742336390729371e+01
2.455000000000000071e+01 1.389957774818299718e+01
2.465000000000000213e+01 1.391174609215877567e+01
2.475000000000000000e+01 1.392392831283927634e+01
2.485000000000000142e+01 1.393611791303622205e+01
2.495000000000000284e+01 1.394831921066760039e+01
2.505000000000000071e+01 1.396053439590367340e+01
2.515000000000000213e+01 1.397276617279880107e+01
2.525000000000000000e+01 1.398501116448944614e+01
2.535000000000000142e+01 1.399727546528983346e+01
2.545000000000000284e+01 1.400955856391604115e+01
2.555000000000000071e+01 1.402186690763060284e+01
2.565000000000000213e+01 1.403420286000487316e+01
2.575000000000000000e+01 1.404657347570168291e+01
2.585000000000000142e+01 1.405898201050990615e+01
2.595000000000000284e+01 1.407143776729317430e+01
2.605000000000000071e+01 1.408395208830729572e+01
2.615000000000000213e+01 1.409652860468216851e+01
2.625000000000000000e+01 1.410918658532664871e+01
2.635000000000000142e+01 1.412193602069628007e+01
2.645000000000000284e+01 1.413479364002803962e+01
2.655000000000000071e+01 1.414777530440545128e+01
2.665000000000000213e+01 1.416090571318939340e+01
2.675000000000000000e+01 1.417421151071279084e+01
2.685000000000000142e+01 1.418771649717081118e+01
2.695000000000000284e+01 1.420144711476992505e+01
2.705000000000000071e+01 1.421544672848590274e+01
2.715000000000000213e+01 1.422975595907176150e+01
2.725000000000000000e+01 1.424441034773917281e+01
2.735000000000000142e+01 1.425946240157596279e+01
2.745000000000000284e+01 1.427497090518040856e+01
2.755000000000000071e+01 1.429098688864556266e+01
2.765000000000000213e+01 1.430757825136571171e+01
2.775000000000000000e+01 1.432482549618484136e+01
2.785000000000000142e+01 1.434279064400872450e+01
2.795000000000000284e+01 1.436156990027592784e+01
2.805000000000000071e+01 1.438124410526564034e+01
2.815000000000000213e+01 1.440191363207582853e+01
2.825000000000000000e+01 1.442368054079699036e+01
2.835000000000000142e+01 1.444665218475302026e+01
2.845000000000000284e+01 1.447093541844834341e+01
2.855000000000000071e+01 1.449665253097920292e+01
2.865000000000000213e+01 1.452392906670740658e+01
2.875000000000000000e+01 1.455288246729712043e+01
2.885000000000000142e+01 1.458364229542085333e+01
2.895000000000000284e+01 1.461634712095673549e+01
2.905000000000000071e+01 1.465110962553203677e+01
2.915000000000000213e+01 1.468807239003293752e+01
2.925000000000000000e+01 1.472735303797055195e+01
2.935000000000000142e+01 1.476906873836402134e+01
2.945000000000000284e+01 1.481336031421386501e+01
2.955000000000000071e+01 1.486030383979029423e+01
2.965000000000000213e+01 1.491002543387750734e+01
2.975000000000000000e+01 1.496259519396556925e+01
2.985000000000000142e+01 1.501810775939693521e+01
2.995000000000000284e+01 1.507661715531131286e+01
