1.698969841003417969e+00
1.705317974090576172e+00
1.708224773406982422e+00
1.886618018150329590e+00
2.094072341918945312e+00
2.358783245086669922e+00
2.611410856246948242e+00
2.629126071929931641e+00
2.638045549392700195e+00
2.657318115234375000e+00
2.687815904617309570e+00
2.750601291656494141e+00
2.848012208938598633e+00
2.957462072372436523e+00
2.957832336425781250e+00
3.049312114715576172e+00
3.121433734893798828e+00
3.130068540573120117e+00
3.194956302642822266e+00
3.235838413238525391e+00
3.294709682464599609e+00
3.480854988098144531e+00
3.531558513641357422e+00
3.559896230697631836e+00
3.618258476257324219e+00
3.700685024261474609e+00
3.706182003021240234e+00
3.784924030303955078e+00
3.785064697265625000e+00
4.089391708374023438e+00
4.130046367645263672e+00
4.262010097503662109e+00
4.434617996215820312e+00
4.462695121765136719e+00
4.485431194305419922e+00
4.500889778137207031e+00
4.711065292358398438e+00
4.788427352905273438e+00
4.853707313537597656e+00
4.881023406982421875e+00
4.972282409667968750e+00
5.016139507293701172e+00
5.233570098876953125e+00
5.344531059265136719e+00
5.389746665954589844e+00
5.415205001831054688e+00
5.470299720764160156e+00
5.612757205963134766e+00
5.729392051696777344e+00
5.743654251098632812e+00
5.942589759826660156e+00
5.953772544860839844e+00
6.146382808685302734e+00
6.283223152160644531e+00
6.507123470306396484e+00
6.538568496704101562e+00
6.566194534301757812e+00
6.587548255920410156e+00
6.659278869628906250e+00
6.707495212554931641e+00
6.733859539031982422e+00
6.814863681793212891e+00
6.861241340637207031e+00
6.908097267150878906e+00
6.963784694671630859e+00
7.011538505554199219e+00
7.046165466308593750e+00
7.073085784912109375e+00
7.083387851715087891e+00
7.158060073852539062e+00
7.189534664154052734e+00
7.286753177642822266e+00
7.370634078979492188e+00
7.576550483703613281e+00
7.740129947662353516e+00
7.752245903015136719e+00
7.755657196044921875e+00
7.789751052856445312e+00
7.811564922332763672e+00
7.849894046783447266e+00
7.853120803833007812e+00
7.933557033538818359e+00
7.937622070312500000e+00
7.938422203063964844e+00
8.027847290039062500e+00
8.130203247070312500e+00
8.180823326110839844e+00
8.192632675170898438e+00
8.320572853088378906e+00
8.337602615356445312e+00
8.374645233154296875e+00
8.518362045288085938e+00
8.647415161132812500e+00
8.685479164123535156e+00
8.832536697387695312e+00
8.878802299499511719e+00
9.039897918701171875e+00
9.064717292785644531e+00
9.069216728210449219e+00
9.075913429260253906e+00
9.200605392456054688e+00
9.455333709716796875e+00
9.683780670166015625e+00
9.771044731140136719e+00
9.792270660400390625e+00
9.980947494506835938e+00
1.007129001617431641e+01
1.015286636352539062e+01
1.017340087890625000e+01
1.019194412231445312e+01
1.023641014099121094e+01
1.024730873107910156e+01
1.029953193664550781e+01
1.031085014343261719e+01
1.033547115325927734e+01
1.037850189208984375e+01
1.042517566680908203e+01
1.045318222045898438e+01
1.053772449493408203e+01
1.054348278045654297e+01
1.067165756225585938e+01
1.070631599426269531e+01
1.072520446777343750e+01
1.090340232849121094e+01
1.090369415283203125e+01
1.096653652191162109e+01
1.098694229125976562e+01
1.105008125305175781e+01
1.107501220703125000e+01
1.108533477783203125e+01
1.123850059509277344e+01
1.134879589080810547e+01
1.143205261230468750e+01
1.153024673461914062e+01
1.156611156463623047e+01
1.157511425018310547e+01
1.157686519622802734e+01
1.165162372589111328e+01
1.168423175811767578e+01
1.169627666473388672e+01
1.187507438659667969e+01
1.200089836120605469e+01
1.215131568908691406e+01
1.216886997222900391e+01
1.233906269073486328e+01
1.251328277587890625e+01
1.251731014251708984e+01
1.272972011566162109e+01
1.281607627868652344e+01
1.285813426971435547e+01
1.300891113281250000e+01
1.305247974395751953e+01
1.309920501708984375e+01
1.311037635803222656e+01
1.330974102020263672e+01
1.331258964538574219e+01
1.332975578308105469e+01
1.352799797058105469e+01
1.354621887207031250e+01
1.358969783782958984e+01
1.362894439697265625e+01
1.386692047119140625e+01
1.400513648986816406e+01
1.411113357543945312e+01
1.411930656433105469e+01
1.416465187072753906e+01
1.432769298553466797e+01
1.440443038940429688e+01
1.443925857543945312e+01
1.448791599273681641e+01
1.449195098876953125e+01
1.454277038574218750e+01
1.455079078674316406e+01
1.455927848815917969e+01
1.458082008361816406e+01
1.460272979736328125e+01
1.470271205902099609e+01
1.471182918548583984e+01
1.476545524597167969e+01
1.491379356384277344e+01
1.493339347839355469e+01
1.505730056762695312e+01
1.506673908233642578e+01
1.510123634338378906e+01
1.519989395141601562e+01
1.523062896728515625e+01
1.531884384155273438e+01
1.535374069213867188e+01
1.540612792968750000e+01
1.553939056396484375e+01
1.555051517486572266e+01
1.555589866638183594e+01
1.562181282043457031e+01
1.562451267242431641e+01
1.562954044342041016e+01
1.566517353057861328e+01
1.566576194763183594e+01
1.571167278289794922e+01
1.587193393707275391e+01
1.587619209289550781e+01
1.587963771820068359e+01
1.588249683380126953e+01
1.596944999694824219e+01
1.598743534088134766e+01
1.604056930541992188e+01
1.610548019409179688e+01
1.622404098510742188e+01
1.623033142089843750e+01
1.624766159057617188e+01
1.633084869384765625e+01
1.634537124633789062e+01
1.647280883789062500e+01
1.647533035278320312e+01
1.649487686157226562e+01
1.655307579040527344e+01
1.668787002563476562e+01
1.671869659423828125e+01
1.679430770874023438e+01
1.700755691528320312e+01
1.705670356750488281e+01
1.710908889770507812e+01
1.720833396911621094e+01
1.721001815795898438e+01
1.725022888183593750e+01
1.725955581665039062e+01
1.745489501953125000e+01
1.745739746093750000e+01
1.755676841735839844e+01
1.762532234191894531e+01
1.770218849182128906e+01
1.770458602905273438e+01
1.793409156799316406e+01
1.799790382385253906e+01
1.810623550415039062e+01
1.812217521667480469e+01
1.828857040405273438e+01
1.835386848449707031e+01
1.839034461975097656e+01
1.841525650024414062e+01
1.844980621337890625e+01
1.846399307250976562e+01
1.852245330810546875e+01
1.856795310974121094e+01
1.858174896240234375e+01
1.858496093750000000e+01
1.861664772033691406e+01
1.864101982116699219e+01
1.865972900390625000e+01
1.881869888305664062e+01
1.889185333251953125e+01
1.891225433349609375e+01
1.892299079895019531e+01
1.897983551025390625e+01
1.903734779357910156e+01
1.905616760253906250e+01
1.912219047546386719e+01
1.923996734619140625e+01
1.924066925048828125e+01
1.938207244873046875e+01
1.939134025573730469e+01
1.943500900268554688e+01
1.956374549865722656e+01
1.957652664184570312e+01
1.962306785583496094e+01
1.964223861694335938e+01
1.966342544555664062e+01
1.981695938110351562e+01
1.983970832824707031e+01
2.011533164978027344e+01
2.018650245666503906e+01
2.035118293762207031e+01
2.043028640747070312e+01
2.047793769836425781e+01
2.051675415039062500e+01
2.059282875061035156e+01
2.061227416992187500e+01
2.073999977111816406e+01
2.076378631591796875e+01
2.080501556396484375e+01
2.080811500549316406e+01
2.092117881774902344e+01
2.101021194458007812e+01
2.108093261718750000e+01
2.111303329467773438e+01
2.142147254943847656e+01
2.148077011108398438e+01
2.152640533447265625e+01
2.161743927001953125e+01
2.168161010742187500e+01
2.171774673461914062e+01
2.180610275268554688e+01
2.185994529724121094e+01
2.187069892883300781e+01
2.188222122192382812e+01
2.191128349304199219e+01
2.194781112670898438e+01
2.194787979125976562e+01
2.216776275634765625e+01
2.221795654296875000e+01
2.229241943359375000e+01
2.230995178222656250e+01
2.237523460388183594e+01
2.244096565246582031e+01
2.253954315185546875e+01
2.261953544616699219e+01
2.263808059692382812e+01
2.271078109741210938e+01
2.294081878662109375e+01
2.313205718994140625e+01
2.319786071777343750e+01
2.329185867309570312e+01
2.330731582641601562e+01
2.336100006103515625e+01
2.338954734802246094e+01
2.339184188842773438e+01
2.343767547607421875e+01
2.350658988952636719e+01
2.355747985839843750e+01
2.358978462219238281e+01
2.359792709350585938e+01
2.380710983276367188e+01
2.397774314880371094e+01
2.406507682800292969e+01
2.412904739379882812e+01
2.417060089111328125e+01
2.431002807617187500e+01
2.432551956176757812e+01
2.435291862487792969e+01
2.446533584594726562e+01
2.460178184509277344e+01
2.460451889038085938e+01
2.462882232666015625e+01
2.467003822326660156e+01
2.470719146728515625e+01
2.472143745422363281e+01
2.488084030151367188e+01
2.492225456237792969e+01
2.496059417724609375e+01
2.509434890747070312e+01
2.513011360168457031e+01
2.517223358154296875e+01
2.517224884033203125e+01
2.520363426208496094e+01
2.536422920227050781e+01
2.539602470397949219e+01
2.541935348510742188e+01
2.542291450500488281e+01
2.544983291625976562e+01
2.545073699951171875e+01
2.547272109985351562e+01
2.564129638671875000e+01
2.567624664306640625e+01
2.578179359436035156e+01
2.580750274658203125e+01
2.582522583007812500e+01
2.584821701049804688e+01
2.598401832580566406e+01
2.612465667724609375e+01
2.620182609558105469e+01
2.624391365051269531e+01
2.627739906311035156e+01
2.627873039245605469e+01
2.629924964904785156e+01
2.632327651977539062e+01
2.640888023376464844e+01
2.644718551635742188e+01
2.648637199401855469e+01
2.652939605712890625e+01
2.653306579589843750e+01
2.657505798339843750e+01
2.665396118164062500e+01
2.669701004028320312e+01
2.675829887390136719e+01
2.677649879455566406e+01
2.685182189941406250e+01
2.687412643432617188e+01
2.698688888549804688e+01
2.701562500000000000e+01
2.710654449462890625e+01
2.734628868103027344e+01
2.737707328796386719e+01
2.738399124145507812e+01
2.751625823974609375e+01
2.753819274902343750e+01
2.758117294311523438e+01
2.760213661193847656e+01
2.767256355285644531e+01
2.769007873535156250e+01
2.775502395629882812e+01
2.782162666320800781e+01
2.785462951660156250e+01
2.791543197631835938e+01
2.794320487976074219e+01
2.795208358764648438e+01
2.800238227844238281e+01
2.800526428222656250e+01
2.802536392211914062e+01
2.803244400024414062e+01
2.808039855957031250e+01
2.812073326110839844e+01
2.813055229187011719e+01
2.836219406127929688e+01
2.839863967895507812e+01
2.841074752807617188e+01
2.846901893615722656e+01
2.850860595703125000e+01
2.852600479125976562e+01
2.858436584472656250e+01
2.874160957336425781e+01
2.897692871093750000e+01
2.901153182983398438e+01
2.912729454040527344e+01
2.917071914672851562e+01
2.918231773376464844e+01
2.926324081420898438e+01
2.930219459533691406e+01
2.934593009948730469e+01
2.935909271240234375e+01
2.953012466430664062e+01
2.958601188659667969e+01
2.965480232238769531e+01
2.969856643676757812e+01
2.973800659179687500e+01
2.980374145507812500e+01
2.983253860473632812e+01
2.985128402709960938e+01
2.989166450500488281e+01
2.989374542236328125e+01
2.992306137084960938e+01
2.996012687683105469e+01
2.996497535705566406e+01
2.998015975952148438e+01
2.998490142822265625e+01
