1.000000000000000056e-01 0.000000000000000000e+00
1.007277834635679631e-01 0.000000000000000000e+00
1.014608636148343762e-01 0.000000000000000000e+00
1.021992790022163838e-01 0.000000000000000000e+00
1.029430684546801950e-01 0.000000000000000000e+00
1.036922710837828304e-01 0.000000000000000000e+00
1.044469262857286723e-01 0.000000000000000000e+00
1.052070737434412234e-01 0.000000000000000000e+00
1.059727534286497574e-01 0.000000000000000000e+00
1.067440056039911239e-01 0.000000000000000000e+00
1.075208708251270268e-01 0.000000000000000000e+00
1.083033899428765684e-01 0.000000000000000000e+00
1.090916041053643787e-01 0.000000000000000000e+00
1.098855547601842592e-01 0.000000000000000000e+00
1.106852836565787868e-01 0.000000000000000000e+00
1.114908328476346966e-01 0.000000000000000000e+00
1.123022446924939743e-01 0.000000000000000000e+00
1.131195618585815743e-01 0.000000000000000000e+00
1.139428273238488887e-01 0.000000000000000000e+00
1.147720843790336620e-01 0.000000000000000000e+00
1.156073766299365313e-01 0.000000000000000000e+00
1.164487479997139696e-01 0.000000000000000000e+00
1.172962427311878136e-01 0.000000000000000000e+00
1.181499053891719442e-01 0.000000000000000000e+00
1.190097808628155507e-01 0.000000000000000000e+00
1.198759143679635902e-01 0.000000000000000000e+00
1.207483514495345245e-01 0.000000000000000000e+00
1.216271379839151956e-01 0.000000000000000000e+00
1.225123201813731050e-01 0.000000000000000000e+00
1.234039445884865804e-01 0.000000000000000000e+00
1.243020580905921796e-01 0.000000000000000000e+00
1.252067079142501482e-01 0.000000000000000000e+00
1.261179416297279199e-01 0.000000000000000000e+00
1.270358071535013789e-01 0.000000000000000000e+00
1.279603527507746641e-01 0.000000000000000000e+00
1.288916270380180418e-01 0.000000000000000000e+00
1.298296789855244160e-01 0.000000000000000000e+00
1.307745579199844632e-01 0.000000000000000000e+00
1.317263135270802243e-01 0.000000000000000000e+00
1.326849958540979868e-01 0.000000000000000000e+00
1.336506553125599850e-01 0.000000000000000000e+00
1.346233426808750022e-01 0.000000000000000000e+00
1.356031091070088457e-01 0.000000000000000000e+00
1.365900061111736674e-01 0.000000000000000000e+00
1.375840855885372971e-01 0.000000000000000000e+00
1.385853998119518649e-01 0.000000000000000000e+00
1.395940014347027969e-01 0.000000000000000000e+00
1.406099434932774339e-01 0.000000000000000000e+00
1.416332794101537451e-01 0.000000000000000000e+00
1.426640629966098583e-01 0.000000000000000000e+00
1.437023484555534081e-01 0.000000000000000000e+00
1.447481903843717277e-01 0.000000000000000000e+00
1.458016437778030527e-01 0.000000000000000000e+00
1.468627640308282079e-01 0.000000000000000000e+00
1.479316069415834156e-01 0.000000000000000000e+00
1.490082287142946160e-01 0.000000000000000000e+00
1.500926859622328247e-01 0.000000000000000000e+00
1.511850357106909182e-01 0.000000000000000000e+00
1.522853353999826520e-01 0.000000000000000000e+00
1.533936428884627723e-01 0.000000000000000000e+00
1.545100164555694988e-01 0.000000000000000000e+00
1.556345148048892679e-01 0.000000000000000000e+00
1.567671970672435133e-01 0.000000000000000000e+00
1.579081228037979290e-01 0.000000000000000000e+00
1.590573520091945470e-01 0.000000000000000000e+00
1.602149451147066028e-01 0.000000000000000000e+00
1.613809629914159105e-01 0.000000000000000000e+00
1.625554669534141627e-01 0.000000000000000000e+00
1.637385187610268522e-01 0.000000000000000000e+00
1.649301806240607293e-01 0.000000000000000000e+00
1.661305152050754075e-01 0.000000000000000000e+00
1.673395856226782275e-01 0.000000000000000000e+00
1.685574554548432413e-01 0.000000000000000000e+00
1.697841887422545104e-01 0.000000000000000000e+00
1.710198499916737169e-01 0.000000000000000000e+00
1.722645041793318399e-01 0.000000000000000000e+00
1.735182167543463660e-01 0.000000000000000000e+00
1.747810536421625094e-01 0.000000000000000000e+00
1.760530812480200491e-01 0.000000000000000000e+00
1.773343664604450087e-01 0.000000000000000000e+00
1.786249766547671758e-01 0.000000000000000000e+00
1.799249796966626569e-01 0.000000000000000000e+00
1.812344439457230505e-01 0.000000000000000000e+00
1.825534382590494054e-01 0.000000000000000000e+00
1.838820319948734627e-01 0.000000000000000000e+00
1.852202950162049611e-01 0.000000000000000000e+00
1.865682976945046700e-01 0.000000000000000000e+00
1.879261109133855412e-01 0.000000000000000000e+00
1.892938060723395877e-01 0.000000000000000000e+00
1.906714550904924921e-01 0.000000000000000000e+00
1.920591304103854979e-01 0.000000000000000000e+00
1.934569050017847514e-01 0.000000000000000000e+00
1.948648523655181208e-01 0.000000000000000000e+00
1.962830465373404942e-01 0.000000000000000000e+00
1.977115620918267203e-01 0.000000000000000000e+00
1.991504741462929162e-01 0.000000000000000000e+00
2.005998583647468358e-01 0.000000000000000000e+00
2.020597909618662702e-01 0.000000000000000000e+00
2.035303487070067030e-01 0.000000000000000000e+00
2.050116089282385257e-01 0.000000000000000000e+00
2.065036495164128960e-01 0.000000000000000000e+00
2.080065489292577119e-01 0.000000000000000000e+00
2.095203861955032276e-01 0.000000000000000000e+00
2.110452409190378964e-01 0.000000000000000000e+00
2.125811932830938278e-01 0.000000000000000000e+00
2.141283240544636091e-01 0.000000000000000000e+00
2.156867145877472691e-01 0.000000000000000000e+00
2.172564468296299400e-01 0.000000000000000000e+00
2.188376033231912987e-01 0.000000000000000000e+00
2.204302672122459839e-01 0.000000000000000000e+00
2.220345222457153767e-01 0.000000000000000000e+00
2.236504527820318278e-01 0.000000000000000000e+00
2.252781437935743869e-01 0.000000000000000000e+00
2.269176808711368676e-01 0.000000000000000000e+00
2.285691502284289134e-01 0.000000000000000000e+00
2.302326387066092883e-01 0.000000000000000000e+00
2.319082337788521131e-01 0.000000000000000000e+00
2.335960235549471853e-01 0.000000000000000000e+00
2.352960967859324681e-01 0.000000000000000000e+00
2.370085428687613016e-01 0.000000000000000000e+00
2.387334518510035863e-01 0.000000000000000000e+00
2.404709144355802186e-01 0.000000000000000000e+00
2.422210219855329694e-01 0.000000000000000000e+00
2.439838665288290576e-01 0.000000000000000000e+00
2.457595407631996132e-01 0.000000000000000000e+00
2.475481380610147497e-01 0.000000000000000000e+00
2.493497524741932481e-01 0.000000000000000000e+00
2.511644787391481004e-01 0.000000000000000000e+00
2.529924122817682752e-01 4.513655779418477887e-10
2.548336492224367311e-01 1.013951176751114847e-09
2.566882863810843740e-01 1.667935107031804506e-09
2.585564212822819008e-01 2.415257767557201631e-09
2.604381521603675309e-01 3.257892304343635945e-09
2.623335779646126520e-01 4.197845120985953496e-09
2.642427983644252687e-01 5.237156396679047919e-09
2.661659137545908660e-01 6.377900612039049528e-09
2.681030252605512976e-01 7.622187082839799490e-09
2.700542347437230317e-01 8.972160501782669260e-09
2.720196448068529227e-01 1.043000148841739378e-08
2.739993587994135060e-01 1.199792714733572080e-08
2.759934808230378733e-01 1.367819163476040077e-08
2.780021157369936269e-01 1.547308673365320976e-08
2.800253691636965248e-01 1.738494243746842764e-08
2.820633474942650931e-01 1.941612754268062626e-08
2.841161578941146515e-01 2.156905025021507994e-08
2.861839083085926383e-01 2.384615877591404400e-08
2.882667074686550701e-01 2.624994197017224580e-08
2.903646648965838573e-01 2.878292994687679470e-08
2.924778909117456971e-01 3.144769472178939819e-08
2.946064966363937665e-01 3.424685086051206780e-08
2.967505940015103816e-01 3.718305613617520472e-08
2.989102957526930671e-01 4.025901219699488324e-08
3.010857154560832583e-01 4.347746524384367162e-08
3.032769675043380242e-01 9.895709775061735585e-08
3.054841671226448674e-01 1.758255803758989423e-07
3.077074303747818762e-01 2.627460717129175970e-07
3.099468741692195106e-01 3.599303794175148938e-07
3.122026162652687953e-01 4.675938776455643627e-07
3.144747752792740880e-01 5.859555625808710900e-07
3.167634706908491471e-01 7.152381087988590171e-07
3.190688228491611600e-01 8.556679264786512567e-07
3.213909529792582931e-01 1.007475219475869556e-06
3.237299831884448142e-01 1.170894044269103509e-06
3.260860364727017346e-01 1.346162369792852798e-06
3.284592367231542465e-01 1.533522138170122395e-06
3.308497087325869002e-01 1.733219326358048445e-06
3.332575782020055222e-01 1.945504008719969936e-06
3.356829717472468166e-01 2.170630420537705240e-06
3.381260169056367615e-01 2.408857022478016356e-06
3.405868421426970216e-01 2.660446566027300415e-06
3.430655768588999899e-01 2.925666159908845979e-06
3.455623513964730664e-01 3.204787337497222654e-06
3.480772970462532312e-01 3.498086125244638339e-06
3.506105460545902441e-01 3.805843112134019410e-06
3.531622316303009157e-01 4.673804396941789995e-06
3.557324879516738370e-01 6.110298275606934216e-06
3.583214501735250690e-01 7.700900903466591306e-06
3.609292544343049025e-01 9.448832049464986956e-06
3.635560378632569090e-01 1.135736555838679388e-05
3.662019385876286726e-01 1.342983019186914101e-05
3.688670957399347028e-01 1.566961048206663056e-05
3.715516494652733592e-01 1.808014759815784373e-05
3.742557409286957348e-01 2.066494022588175096e-05
3.769795123226284961e-01 2.342754546029800387e-05
3.797231068743517346e-01 2.637157971196787474e-05
3.824866688535298875e-01 2.950071962675226026e-05
3.852703435797978360e-01 3.281870301942971566e-05
3.880742774304030696e-01 3.632932982134012449e-05
3.908986178479023632e-01 4.003646304225905048e-05
3.937435133479152416e-01 4.394402974671580368e-05
3.966091135269328438e-01 4.805602204496638608e-05
3.994955690701853523e-01 5.237649809884221627e-05
4.024030317595649886e-01 5.726812773811083449e-05
4.053316544816072398e-01 6.484912430034741498e-05
4.082815912355308163e-01 7.295545097638912160e-05
4.112529971413352303e-01 8.159779788810419090e-05
4.142460284479574928e-01 9.078703324083355780e-05
4.172608425414887634e-01 1.005342060837224308e-04
4.202975979534501749e-01 1.108505491115143398e-04
4.233564543691287207e-01 1.217474815084220813e-04
4.264375726359749263e-01 1.332366118347039230e-04
4.295411147720602507e-01 1.453297409565667501e-04
4.326672439745967713e-01 1.580388650200457393e-04
4.358161246285191526e-01 1.713761784695094553e-04
4.389879223151283427e-01 1.853540771114459596e-04
4.421828038207984424e-01 1.999851612242047668e-04
4.454009371457473554e-01 2.152822387143730196e-04
4.486424915128708335e-01 2.312583283204743781e-04
4.519076373766409138e-01 2.479266628646908011e-04
4.551965464320688048e-01 2.711363721856747499e-04
4.585093916237338307e-01 2.961485698832213805e-04
4.618463471548775456e-01 3.223007152776482284e-04
4.652075884965634067e-01 3.496150950784296732e-04
4.685932923969047259e-01 3.781143624983310269e-04
4.720036368903581803e-01 4.078215429036943286e-04
4.754388013070855457e-01 4.387600395493914383e-04
4.788989662823842641e-01 4.709536393996961419e-04
4.823843137661854574e-01 5.044265190363289835e-04
4.858950270326215515e-01 5.392032506549779280e-04
4.894312906896640669e-01 5.753088081516038663e-04
4.929932906888307986e-01 6.127685732998425748e-04
4.965812143349636609e-01 6.516083420208595772e-04
5.001952502960784752e-01 6.918543307470292588e-04
5.038355886132858119e-01 7.356668307133469066e-04
5.075024207107836638e-01 7.847023227088046346e-04
5.111959394059237827e-01 8.352432081512126821e-04
5.149163389193511797e-01 8.873172168023814831e-04
5.186638148852157348e-01 9.409525251779016003e-04
5.224385643614610775e-01 9.961777633746109195e-04
5.262407858401856320e-01 1.053022021999907567e-03
5.300706792580808235e-01 1.111514859204469153e-03
5.339284460069434468e-01 1.171686307819858920e-03
5.378142889442674157e-01 1.233566882602626143e-03
5.417284124039094539e-01 1.297187587586390127e-03
5.456710222068343885e-01 1.362579923543571743e-03
5.496423256719380479e-01 1.429775895558351752e-03
5.536425316269488750e-01 1.506136616315480788e-03
5.576718504194088100e-01 1.610870174789729489e-03
5.617304939277347753e-01 1.718129698416856563e-03
5.658186755723595418e-01 1.827959328752004012e-03
5.699366103269544181e-01 1.940403904724799251e-03
5.740845147297337636e-01 2.055508973205598736e-03
5.782626068948413245e-01 2.173320799728756594e-03
5.824711065238189489e-01 2.293886379375218061e-03
5.867102349171606779e-01 2.417253447816855062e-03
5.909802149859486597e-01 2.543470492524806028e-03
5.952812712635747738e-01 2.672586764144334413e-03
5.996136299175481854e-01 2.804652288038623261e-03
6.039775187613877216e-01 2.949770656270603395e-03
6.083731672666012891e-01 3.133966275632878249e-03
6.128008065747523325e-01 3.321875919333602475e-03
6.172606695096144458e-01 3.513561279392564754e-03
6.217529905894144671e-01 3.709085002928793912e-03
6.262780060391635040e-01 3.908510706499744580e-03
6.308359538030796632e-01 4.111902990652737538e-03
6.354270735570998196e-01 4.319327454691618967e-03
6.400516067214822025e-01 4.530850711661864316e-03
6.447097964735022391e-01 4.746540403557400652e-03
6.494018877602392159e-01 4.966465216752278221e-03
6.541281273114564199e-01 5.201964841116353544e-03
6.588887636525759817e-01 5.492648986292994473e-03
6.636840471177469780e-01 5.787928827543089953e-03
6.685142298630085689e-01 6.087874030296028770e-03
6.733795658795501682e-01 6.392555295818712693e-03
6.782803110070674268e-01 6.702044376473416561e-03
6.832167229472142500e-01 7.016414091199242066e-03
6.881890612771550675e-01 7.335738341220661603e-03
6.931975874632136936e-01 7.660092125986208735e-03
6.982425648746232172e-01 7.989551559340885359e-03
7.033242587973734805e-01 8.324193885935481790e-03
7.084429364481626967e-01 8.812787104900753760e-03
7.135988669884479885e-01 9.314613276817729562e-03
7.187923215385981779e-01 9.823963471187226182e-03
7.240235731921523810e-01 1.034094898685035575e-02
7.292928970301788549e-01 1.086568275816188374e-02
7.346005701357403161e-01 1.139827937894218220e-02
7.399468716084641740e-01 1.193885512677927974e-02
7.453320825792192350e-01 1.248752798768614988e-02
7.507564862248974347e-01 1.304441768111823212e-02
7.562203677833061466e-01 1.367492516144792544e-02
7.617240145681660746e-01 1.439420389013516127e-02
7.672677159842191674e-01 1.512178229256234789e-02
7.728517635424478893e-01 1.585776552780220408e-02
7.784764508754034029e-01 1.660226017367035997e-02
7.841420737526453300e-01 1.735537424658722613e-02
7.898489300962959758e-01 1.811721722172385599e-02
7.955973199967053544e-01 1.888790005343522066e-02
8.013875457282314541e-01 1.966753519598559569e-02
8.072199117651346345e-01 2.059386609594408141e-02
8.130947247975891523e-01 2.164443597207700229e-02
8.190122937478095944e-01 2.270614462719573040e-02
8.249729297862948840e-01 2.377912413176837270e-02
8.309769463481916363e-01 2.486350826206248921e-02
8.370246591497759736e-01 2.595943252342665028e-02
8.431163862050541358e-01 2.706703417389965879e-02
8.492524478424863243e-01 2.818645224815297112e-02
8.554331667218302293e-01 2.939037381976996113e-02
8.616588678511074573e-01 3.092174804634635968e-02
8.679298786036947488e-01 3.246674324702686354e-02
8.742465287355382086e-01 3.402549470554301625e-02
8.806091504024923244e-01 3.559813921796895625e-02
8.870180781777879941e-01 3.718481511143038182e-02
8.934736490696244537e-01 3.878566226306114778e-02
8.999762025388904352e-01 4.040082211921217775e-02
9.065260805170154423e-01 4.214565458482307653e-02
9.131236274239492579e-01 4.416816059316625021e-02
9.197691901862726782e-01 4.620641925812188355e-02
9.264631182554413646e-01 4.826056031098247684e-02
9.332057636261604783e-01 5.033071464742582685e-02
9.399974808548950955e-01 5.241701433920310099e-02
9.468386270785124070e-01 5.451959264595795246e-02
9.537295620330636936e-01 5.663858402718046497e-02
9.606706480726997510e-01 5.912906224296829438e-02
9.676622501887239824e-01 6.170623856190961265e-02
9.747047360287871554e-01 6.430784256460223003e-02
9.817984759162187158e-01 6.693413484026537741e-02
9.889438428694992123e-01 6.958537908341458356e-02
9.961412126218769370e-01 7.226184213409997392e-02
1.003390963641124234e+00 7.496379401869328329e-02
1.010693477149439801e+00 7.831389555462581198e-02
1.018049137143493876e+00 8.187224996563248480e-02
1.025458330414620312e+00 8.545929237614548202e-02
1.032921446569158297e+00 8.907527232126211114e-02
1.040438878048935756e+00 9.272044174694163421e-02
1.048011020151907724e+00 9.639505503623059524e-02
1.055638271052943500e+00 1.001219557335564225e-01
1.063321031824761675e+00 1.043340574950550881e-01
1.071059706459022376e+00 1.085766171135239821e-01
1.078854701887570933e+00 1.128498533779609125e-01
1.086706428003834324e+00 1.171539866276577746e-01
1.094615297684376154e+00 1.214892387628709602e-01
1.102581726810608398e+00 1.258558332555603232e-01
1.110606134290658353e+00 1.308326032336155353e-01
1.118688942081396798e+00 1.361883587727112932e-01
1.126830575210628904e+00 1.415889604968180449e-01
1.135031461799439478e+00 1.470348204590403440e-01
1.143292033084709614e+00 1.525263549617215664e-01
1.151612723441790331e+00 1.580639846056087205e-01
1.159993970407344088e+00 1.636843313422296775e-01
1.168436214702354592e+00 1.693786511530599448e-01
1.176939900255298044e+00 1.751083034517151304e-01
1.185505474225488909e+00 1.808734561815983355e-01
1.194133387026595328e+00 1.866742772065040634e-01
1.202824092350319285e+00 1.925109342910439336e-01
1.211578047190255969e+00 1.991222043832877875e-01
1.220395711865926547e+00 2.062141105647636030e-01
1.229277550046979695e+00 2.133623211342543791e-01
1.238224028777574537e+00 2.205673143447061668e-01
1.247235618500943000e+00 2.278295729290994442e-01
1.256312793084122914e+00 2.351502967182574899e-01
1.265456029842877639e+00 2.427366930831251490e-01
1.274665809566797980e+00 2.503844694124203185e-01
1.283942616544580195e+00 2.580941624553417801e-01
1.293286938589493174e+00 2.658663141814051611e-01
1.302699267065032140e+00 2.737014718376027944e-01
1.312180096910752658e+00 2.817108967687403931e-01
1.321729926668298916e+00 2.898500795429246324e-01
1.331349258507620092e+00 2.980414293267059089e-01
1.341038598253373459e+00 3.062852225928184846e-01
1.350798455411524879e+00 3.145817363202521033e-01
1.360629343196141594e+00 3.228995324384514309e-01
1.370531778556376867e+00 3.312287510785411060e-01
1.380506282203653790e+00 3.396227884713594047e-01
1.390553378639049154e+00 3.480821776686721103e-01
1.400673596180870062e+00 3.566074564963776505e-01
1.410867466992436814e+00 3.649221730141202213e-01
1.421135527110068297e+00 3.728376073163183202e-01
1.431478316471265000e+00 3.808135591594611902e-01
1.441896378943103629e+00 3.888505114628999504e-01
1.452390262350837125e+00 3.969489512804804665e-01
1.462960518506698282e+00 4.056807434645101629e-01
1.473607703238917654e+00 4.149733687653079373e-01
1.484332376420954613e+00 4.243335534005647225e-01
1.495135102000932026e+00 4.337617880208370913e-01
1.506016448031294308e+00 4.432585668324339756e-01
1.516976986698679974e+00 4.517381488821283764e-01
1.528017294354004241e+00 4.601010675054062471e-01
1.539137951542771665e+00 4.685226280801709220e-01
1.550339543035599066e+00 4.770032249584874595e-01
1.561622657858966701e+00 4.853162703474564466e-01
1.572987889326195265e+00 4.932461120228355811e-01
1.584435835068638276e+00 5.012356750646231873e-01
1.595967097067112483e+00 5.092854234424417648e-01
1.607582281683552994e+00 5.173958249304795309e-01
1.619281999692894880e+00 5.254284893549522328e-01
1.631066866315191932e+00 5.335073354614222607e-01
1.642937501247970333e+00 5.416381250550258430e-01
1.654894528698810152e+00 5.498211361454371504e-01
1.666938577418170642e+00 5.573140841940749102e-01
1.679070280732455567e+00 5.645716893689658455e-01
1.691290276577311014e+00 5.718879709062940631e-01
1.703599207531172999e+00 5.792634413235125956e-01
1.715997720849060215e+00 5.861850155046657296e-01
1.728486468496603257e+00 5.928130173090083721e-01
1.741066107184330747e+00 5.994865893473158014e-01
1.753737298402205269e+00 6.062060243424495232e-01
1.766500708454400437e+00 6.126940980956695482e-01
1.779357008494341974e+00 6.190473439607748762e-01
1.792306874560001928e+00 6.254492522566948987e-01
1.805350987609441793e+00 6.319002125253729840e-01
1.818490033556623642e+00 6.379200418582533505e-01
1.831724703307480828e+00 6.437946497310453875e-01
1.845055692796242486e+00 6.497119563228841432e-01
1.858483703022032252e+00 6.556722715742030472e-01
1.872009440085732557e+00 6.610413117438546093e-01
1.885633615227108262e+00 6.664080541652774858e-01
1.899356944862209406e+00 6.718133277092034339e-01
1.913180150621046627e+00 6.769285697319232797e-01
1.927103959385531695e+00 6.811488863255700243e-01
1.941129103327702499e+00 6.853956096911260065e-01
1.955256319948227128e+00 6.896688691432931728e-01
1.969486352115178196e+00 6.941035247922734408e-01
1.983819948103099806e+00 6.986370075902749166e-01
1.998257861632357191e+00 7.032078627964344353e-01
2.012800851908763899e+00 7.075995321723415055e-01
2.027449683663511415e+00 7.110882872310670955e-01
2.042205127193375880e+00 7.146023310098589265e-01
2.057067958401225916e+00 7.181418460688075989e-01
2.072038958836825540e+00 7.212545764051855324e-01
2.087118915737926184e+00 7.242625728868149482e-01
2.102308622071665134e+00 7.272903843456923756e-01
2.117608876576266841e+00 7.305696387225723010e-01
2.133020483803036882e+00 7.341401786840462407e-01
2.148544254158672118e+00 7.377305067350206080e-01
2.164181003947879045e+00 7.410232604675051071e-01
2.179931555416291022e+00 7.431785316918817497e-01
2.195796736793710124e+00 7.453524446761680133e-01
2.211777382337660303e+00 7.475398036126421619e-01
2.227874332377250965e+00 7.496301213987723866e-01
2.244088433357366963e+00 7.517356280237382782e-01
2.260420537883183645e+00 7.538564336766233609e-01
2.276871504764991894e+00 7.556954637147729192e-01
2.293442199063361997e+00 7.575308166692040768e-01
2.310133492134635258e+00 7.593795051833128751e-01
2.326946261676736682e+00 7.604201645468795512e-01
2.343881391775332279e+00 7.613882309408399607e-01
2.360939772950320314e+00 7.623595492390472517e-01
2.378122302202652527e+00 7.648046131695978023e-01
2.395429883061504395e+00 7.673498813382940709e-01
2.412863425631791792e+00 7.698787370133590713e-01
2.430423846642020269e+00 7.716213048047891876e-01
2.448112069492492715e+00 7.733763743825126102e-01
2.465929024303870953e+00 7.747446548772582986e-01
2.483875647966077960e+00 7.745437513464209500e-01
2.501952884187566006e+00 7.743413977047860497e-01
2.520161683544945408e+00 7.741040478788818735e-01
2.538503003532961877e+00 7.738177078888720528e-01
2.556977808614850467e+00 7.735291390964516012e-01
2.575587070273052337e+00 7.752929876973294609e-01
2.594331767060294780e+00 7.780176160773526473e-01
2.613212884651049617e+00 7.807448440610151863e-01
2.632231415893367732e+00 7.809343460685544969e-01
2.651388360861081317e+00 7.811252353693423078e-01
2.670684726906392914e+00 7.817518952266239163e-01
2.690121528712853483e+00 7.830914260295874785e-01
2.709699788348706839e+00 7.844406869905573565e-01
2.729420535320645325e+00 7.847658324497233107e-01
2.749284806627937616e+00 7.848392302690362365e-01
2.769293646816961552e+00 7.849735961683008689e-01
2.789448108036134411e+00 7.852705523873345639e-01
2.809749250091231332e+00 7.855696654362674947e-01
2.830198140501119397e+00 7.861475620003423037e-01
2.850795854553895392e+00 7.868043067934630264e-01
2.871543475363420139e+00 7.869900900033839353e-01
2.892442093926279156e+00 7.862798282883752821e-01
2.913492809179154097e+00 7.855645218269622365e-01
2.934696728056602311e+00 7.873673979109320209e-01
2.956054965549267610e+00 7.893201119392259102e-01
2.977568644762515593e+00 7.899900402219006690e-01
2.999238896975482849e+00 7.897657698886092481e-01
3.021066861700567596e+00 7.894271725904743464e-01
3.043053686743356856e+00 7.887861101770132777e-01
3.065200528262970625e+00 7.881404546152400714e-01
3.087508550832865684e+00 7.893262393753832651e-01
3.109978927502075052e+00 7.905312725879320990e-01
3.132612839856883991e+00 7.914863076785150220e-01
3.155411478082968291e+00 7.923610397025268037e-01
3.178376041027982435e+00 7.933500807379481046e-01
3.201507736264590953e+00 7.944382604782546098e-01
3.224807780153972736e+00 7.941231051267890750e-01
3.248277397909787201e+00 7.914324711852852579e-01
3.271917823662591207e+00 7.898051184187833140e-01
3.295730300524739143e+00 7.916858933881236737e-01
3.319716080655757739e+00 7.933336108467262671e-01
3.343876425328177859e+00 7.933306840516788361e-01
3.368212604993862769e+00 7.933119779166579733e-01
3.392725899350820917e+00 7.930267189633494196e-01
3.417417597410484120e+00 7.927445473583908386e-01
3.442288997565498221e+00 7.931293673200168204e-01
3.467341407658000474e+00 7.935140511815786946e-01
3.492576145048380543e+00 7.937857402284058672e-01
3.517994536684561080e+00 7.940471089168561480e-01
3.543597919171776578e+00 7.935805946856788751e-01
3.569387638842846489e+00 7.930972108266372000e-01
3.595365051828984360e+00 7.924140849206759984e-01
3.621531524131098578e+00 7.917795914594951689e-01
3.647888431691624245e+00 7.915088575022328765e-01
3.674437160466885732e+00 7.914320715304343778e-01
3.701179106499960625e+00 7.920196065773078553e-01
3.728115675994098765e+00 7.928565364139033012e-01
3.755248285386669771e+00 7.941490622470693816e-01
3.782578361423634128e+00 7.946273625181994316e-01
3.810107341234574285e+00 7.942882606617979180e-01
3.837836672408269756e+00 7.945168580896551092e-01
3.865767813068804681e+00 7.950233213663364662e-01
3.893902231952251380e+00 7.935524299478130539e-01
3.922241408483904568e+00 7.919655713754515380e-01
3.950786832856066688e+00 7.921675975884301391e-01
3.979540006106412342e+00 7.928279981900403506e-01
4.008502440196927807e+00 7.944003371552029735e-01
4.037675658093399456e+00 7.956304875759974138e-01
4.067061193845511902e+00 7.966343359708458749e-01
4.096660592667509704e+00 7.941754923432867708e-01
4.126475411019450590e+00 7.920602672841310365e-01
4.156507216689046658e+00 7.931923013879743634e-01
4.186757588874119307e+00 7.945748052349003165e-01
4.217228118265623493e+00 7.961878630959463576e-01
4.247920407131298148e+00 7.949882471960928454e-01
4.278836069399929443e+00 7.938274792715198647e-01
4.309976730746204687e+00 7.941085903389371037e-01
4.341344028676201283e+00 7.952230022099635587e-01
4.372939612613502725e+00 7.967144810136065347e-01
4.404765143985917675e+00 7.946100619580931390e-01
4.436822296312851854e+00 7.945070618933847140e-01
4.469112755293314088e+00 7.967981092256268827e-01
4.501638218894546739e+00 7.954798637469513434e-01
4.534400397441315178e+00 7.954922628688962938e-01
4.567401013705854496e+00 7.986313500090529427e-01
4.600641802998441499e+00 7.976420837941563535e-01
4.634124513258658595e+00 7.967604458361322584e-01
4.667850905147305163e+00 7.978020821202053137e-01
4.701822752138975936e+00 7.989335165700027774e-01
4.736041840615317966e+00 7.987154280267755313e-01
4.770509969958977692e+00 7.960681725178110346e-01
4.805228952648198160e+00 7.953989124906644115e-01
4.840200614352153430e+00 7.959547414633868501e-01
4.875426794026924249e+00 7.976362551009282820e-01
4.910909344012212685e+00 7.967582412770684019e-01
4.946650130128748657e+00 7.972217906913953156e-01
4.982651031776390127e+00 7.984245992111610457e-01
5.018913942032956044e+00 7.992337420136658155e-01
5.055440767753779596e+00 7.973387365976425389e-01
5.092233429671965794e+00 7.966943700678346119e-01
5.129293862499396894e+00 7.982054927857511473e-01
5.166624015028475014e+00 7.996276436980676028e-01
5.204225850234585060e+00 7.998537053411102216e-01
5.242101345379319710e+00 7.994964891769915649e-01
5.280252492114465568e+00 7.988585804786072497e-01
5.318681296586711404e+00 7.980454899829017013e-01
5.357389779543150432e+00 7.982451714904474915e-01
5.396379976437546411e+00 7.976713180766970002e-01
5.435653937537352931e+00 7.966616524529952503e-01
5.475213728031529392e+00 7.978816790285069294e-01
5.515061428139147459e+00 7.976363841670226495e-01
5.555199133218760466e+00 7.991612306443428571e-01
5.595628953878595269e+00 8.003993852848235724e-01
5.636353016087546131e+00 7.994352874514022433e-01
5.677373461286946643e+00 7.955769047847149888e-01
5.718692446503188087e+00 7.996521792049227084e-01
5.760312144461149586e+00 8.010838919802103497e-01
5.802234743698436503e+00 7.998302937565543447e-01
5.844462448680467048e+00 7.990405557871465003e-01
5.886997479916404430e+00 8.009543902092698398e-01
5.929842074075899916e+00 7.998136802627141551e-01
5.972998484106717854e+00 7.977545803685008874e-01
6.016468979353213342e+00 7.978317780664920811e-01
6.060255845675643904e+00 7.983237852686242420e-01
6.104361385570379994e+00 7.987215540761887222e-01
6.148787918290991250e+00 7.999066887219804523e-01
6.193537779970179180e+00 8.002845408206228361e-01
6.238613323742634442e+00 7.968387772777871803e-01
6.284016919868783191e+00 8.008863800350091156e-01
6.329750955859398509e+00 8.023616205011024904e-01
6.375817836601179955e+00 8.000497615209143376e-01
6.422219984483181321e+00 7.995962846583248851e-01
6.468959839524205613e+00 7.987031698828586102e-01
6.516039859501116638e+00 8.009971543931252436e-01
6.563462520078064522e+00 8.006413321920554660e-01
6.611230314936672237e+00 8.000782994952039262e-01
6.659345755907175146e+00 7.995241671330933775e-01
6.707811373100484253e+00 7.993564038210826395e-01
6.756629715041238882e+00 8.002640737019269812e-01
6.805803348801829245e+00 8.012950218771640598e-01
6.855334860137365816e+00 8.012104878547826603e-01
6.905226853621653227e+00 7.996037212686568640e-01
6.955481952784167810e+00 7.972799321276959894e-01
7.006102800247986373e+00 7.967150138138565652e-01
7.057092057868761259e+00 8.003496058587874495e-01
7.108452406874699925e+00 8.010965684675455112e-01
7.160186548007534846e+00 8.021466555556172606e-01
7.212297201664549462e+00 8.009607303284881352e-01
7.264787108041640629e+00 8.017321616767193460e-01
7.317659027277386485e+00 7.993937793553311799e-01
7.370915739598197902e+00 8.004617885127793819e-01
7.424560045464523306e+00 8.025848444971540596e-01
7.478594765718090009e+00 8.010077395297835468e-01
7.533022741730243332e+00 8.002410630310969886e-01
7.587846835551371960e+00 8.023917160879322497e-01
7.643069930061381356e+00 8.005991786868129623e-01
7.698694929121301378e+00 8.006389909794123794e-01
7.754724757725993456e+00 7.994229854342136399e-01
7.811162362157936023e+00 8.011307487048784370e-01
7.868010710142163688e+00 7.989195432110369754e-01
7.925272791002337058e+00 8.021217209686108962e-01
7.982951615817905022e+00 8.025579809371270468e-01
8.041050217582457194e+00 7.985158461252269690e-01
8.099571651363220326e+00 8.012580369880865083e-01
8.158518994461681828e+00 8.012124574337691207e-01
8.217895346575422977e+00 8.008737658400227888e-01
8.277703829961122750e+00 7.994303222335016335e-01
8.337947589598712739e+00 8.009368532904560523e-01
8.398629793356773732e+00 8.003537675810838969e-01
8.459753632159118908e+00 8.001388562113049829e-01
8.521322320152560081e+00 7.998264342594036957e-01
8.583339094875958253e+00 8.002490064145332260e-01
8.645807217430432345e+00 8.031500596674899795e-01
8.708729972650854023e+00 7.998214463867343582e-01
8.772110669278594841e+00 8.032086828473535833e-01
8.835952640135488423e+00 8.029596247492295502e-01
8.900259242299089379e+00 8.014078275317726430e-01
8.965033857279221863e+00 8.025008706460894370e-01
9.030279891195771569e+00 7.999621743589169220e-01
9.096000774957795798e+00 8.011224250016668602e-01
9.162199964443955125e+00 8.022932944587517490e-01
9.228880940684209833e+00 8.027288827985340491e-01
9.296047210042882369e+00 8.011597611923632067e-01
9.363702304403046739e+00 8.023751752352763500e-01
9.431849781352227069e+00 8.028501393700009370e-01
9.500493224369476408e+00 8.039828926320014002e-01
9.569636243013835752e+00 8.018339791716563303e-01
9.639282473114098693e+00 8.026571735622228809e-01
9.709435576960025571e+00 8.005861059528536217e-01
9.780099243494927208e+00 8.012203110754155810e-01
9.851277188509621752e+00 7.976238058926825580e-01
9.922973154837833931e+00 8.024109906744207876e-01
9.995190912553034934e+00 8.022114253987162602e-01
1.006793425916664120e+01 8.209080448957227771e-01
1.014120701982775152e+01 8.208866783206421047e-01
1.021501304752425376e+01 8.208651562431612536e-01
1.028935622328544852e+01 8.208434775315593956e-01
1.036424045638612235e+01 8.208216410458792911e-01
1.043966968455211308e+01 8.207996456378675587e-01
1.051564787416740465e+01 8.207774901509133914e-01
1.059217902048263404e+01 8.207551734199890481e-01
1.066926714782522367e+01 8.207326942715873486e-01
1.074691630981098633e+01 8.207100515236608329e-01
1.082513058955728269e+01 8.206872439855592560e-01
1.090391409989770821e+01 8.206642704579669712e-01
1.098327098359842324e+01 8.206411297328397580e-01
1.106320541357591303e+01 8.206178205933418734e-01
1.114372159311647614e+01 8.205943418137811030e-01
1.122482375609723348e+01 8.205706921595453673e-01
1.130651616720876085e+01 8.205468703870368863e-01
1.138880312217933444e+01 8.205228752436072304e-01
1.147168894800087102e+01 8.204987054674915958e-01
1.155517800315637800e+01 8.204743597877423023e-01
1.163927467784919578e+01 8.204498369241616240e-01
1.172398339423383717e+01 8.204251355872351770e-01
1.180930860664852844e+01 8.204002544780633066e-01
1.189525480184941486e+01 8.203751922882931424e-01
1.198182649924655152e+01 8.203499477000503193e-01
1.206902825114147504e+01 8.203245193858689221e-01
1.215686464296663161e+01 8.202989060086216533e-01
1.224534029352648545e+01 8.202731062214504432e-01
1.233445985524040012e+01 8.202471186676945081e-01
1.242422801438725877e+01 8.202209419808197399e-01
1.251464949135194971e+01 8.201945747843467638e-01
1.260572904087350388e+01 8.201680156917778852e-01
1.269747145229516860e+01 8.201412633065251478e-01
1.278988154981623993e+01 8.201143162218366145e-01
1.288296419274572280e+01 8.200871730207216492e-01
1.297672427575790977e+01 8.200598322758775316e-01
1.307116672914968980e+01 8.200322925496136284e-01
1.316629651909984133e+01 8.200045523937762315e-01
1.326211864793017803e+01 8.199766103496716196e-01
1.335863815436857926e+01 8.199484649479907850e-01
1.345586011381394442e+01 8.199201147087306074e-01
1.355378963860312247e+01 8.198915581411173603e-01
1.365243187827966764e+01 8.198627937435273294e-01
1.375179201986466992e+01 8.198338200034079870e-01
1.385187528812950752e+01 8.198046353971994993e-01
1.395268694587057468e+01 8.197752383902531248e-01
1.405423229418601494e+01 8.197456274367512785e-01
1.415651667275453285e+01 8.197158009796264855e-01
1.425954546011608493e+01 8.196857574504790023e-01
1.436332407395476984e+01 8.196554952694945495e-01
1.446785797138369212e+01 8.196250128453610451e-01
1.457315264923192544e+01 8.195943085751855595e-01
1.467921364433354015e+01 8.195633808444090507e-01
1.478604653381881562e+01 8.195322280267222093e-01
1.489365693540741731e+01 8.195008484839798601e-01
1.500205050770385817e+01 8.194692405661145873e-01
1.511123295049504378e+01 8.194374026110498033e-01
1.522121000504998456e+01 8.194053329446129297e-01
1.533198745442167876e+01 8.193730298804469125e-01
1.544357112375127805e+01 8.193404917199217374e-01
1.555596688057429944e+01 8.193077167520448345e-01
1.566918063512923354e+01 8.192747032533715945e-01
1.578321834066830043e+01 8.192414494879142195e-01
1.589808599377051479e+01 8.192079537070509065e-01
1.601378963465697680e+01 8.191742141494334772e-01
1.613033534750857712e+01 8.191402290408950071e-01
1.624772926078580326e+01 8.191059965943562338e-01
1.636597754755110046e+01 8.190715150097327424e-01
1.648508642579342620e+01 8.190367824738382652e-01
1.660506215875524205e+01 8.190017971602910896e-01
1.672591105526183242e+01 8.189665572294172469e-01
1.684763947005311735e+01 8.189310608281538117e-01
1.697025380411771778e+01 8.188953060899518688e-01
1.709376050502960354e+01 8.188592911346780356e-01
1.721816606728712529e+01 8.188230140685152092e-01
1.734347703265449780e+01 8.187864729838637556e-01
1.746969999050586964e+01 8.187496659592407022e-01
1.759684157817170913e+01 8.187125910591791511e-01
1.772490848128789764e+01 8.186752463341256947e-01
1.785390743414727055e+01 8.186376298203388302e-01
1.798384522005373043e+01 8.185997395397850429e-01
1.811472867167892531e+01 8.185615735000353332e-01
1.824656467142161276e+01 8.185231296941591905e-01
1.837936015176945759e+01 8.184844061006214533e-01
1.851312209566363975e+01 8.184454006831732853e-01
1.864785753686603087e+01 8.184061113907471485e-01
1.878357356032905656e+01 8.183665361573476682e-01
1.892027730256824114e+01 8.183266729019438301e-01
1.905797595203754113e+01 8.182865195283591797e-01
1.919667674950723324e+01 8.182460739251615767e-01
1.933638698844474746e+01 8.182053339655520618e-01
1.947711401539816123e+01 8.181642975072535018e-01
1.961886523038251084e+01 8.181229623923972349e-01
1.976164808726890598e+01 8.180813264474107172e-01
1.990547009417654678e+01 8.180393874829015033e-01
2.005033881386743388e+01 8.179971432935437825e-01
2.019626186414411606e+01 8.179545916579615827e-01
2.034324691825024445e+01 8.179117303386121973e-01
2.049130170527407202e+01 8.178685570816683903e-01
2.064043401055486271e+01 8.178250696168998246e-01
2.079065167609234166e+01 8.177812656575539352e-01
2.094196260095896278e+01 8.177371429002353587e-01
2.109437474171533466e+01 8.176926990247855853e-01
2.124789611282860236e+01 8.176479316941595021e-01
2.140253478709387380e+01 8.176028385543042676e-01
2.155829889605870520e+01 8.175574172340337453e-01
2.171519663045078019e+01 8.175116653449056026e-01
2.187323624060847393e+01 8.174655804810938564e-01
2.203242603691478152e+01 8.174191602192644179e-01
2.219277439023429821e+01 8.173724021184453070e-01
2.235428973235337224e+01 8.173253037199007531e-01
2.251698055642349416e+01 8.172778625469998559e-01
2.268085541740796174e+01 8.172300761050877993e-01
2.284592293253162154e+01 8.171819418813536240e-01
2.301219178173407443e+01 8.171334573446987770e-01
2.317967070812608554e+01 8.170846199456037739e-01
2.334836851844931616e+01 8.170354271159941950e-01
2.351829408353950512e+01 8.169858762691052378e-01
2.368945633879279455e+01 8.169359647993467144e-01
2.386186428463568632e+01 8.168856900821649392e-01
2.403552698699829904e+01 8.168350494739050616e-01
2.421045357779109253e+01 8.167840403116723991e-01
2.438665325538503481e+01 8.167326599131922160e-01
2.456413528509539290e+01 8.166809055766682812e-01
2.474290899966878499e+01 8.166287745806413145e-01
2.492298379977405176e+01 8.165762641838462121e-01
2.510436915449653483e+01 8.165233716250661633e-01
2.528707460183602151e+01 8.164700941229902087e-01
2.547110974920826010e+01 8.164164288760642485e-01
2.565648427395025166e+01 8.163623730623453811e-01
2.584320792382898091e+01 8.163079238393532444e-01
2.603129051755410117e+01 8.162530783439201354e-01
2.622074194529420055e+01 8.161978336920407973e-01
2.641157216919688722e+01 8.161421869787204297e-01
2.660379122391259799e+01 8.160861352778225886e-01
2.679740921712238588e+01 8.160296756419145314e-01
2.699243633006924625e+01 8.159728051021127859e-01
2.718888281809361018e+01 8.159155206679267192e-01
2.738675901117257183e+01 8.158578193271015522e-01
2.758607531446310190e+01 8.157996980454593761e-01
2.778684220884914424e+01 8.157411537667407231e-01
2.798907025149287975e+01 8.156821834124426962e-01
2.819277007638967092e+01 8.156227838816576536e-01
2.839795239492737977e+01 8.155629520509101171e-01
2.860462799644956888e+01 8.155026847739924589e-01
2.881280774882286977e+01 8.154419788817993675e-01
2.902250259900840845e+01 8.153808311821616472e-01
2.923372357363757956e+01 8.153192384596774644e-01
2.944648177959168933e+01 8.152571974755443707e-01
2.966078840458611765e+01 8.151947049673881063e-01
2.987665471775858705e+01 8.151317576490915151e-01
